intrinsic:
1449.6457052170426 0.0 950.9188076060836 
0.0 1440.1487050423102 528.8952338281028 
0.0 0.0 1.0 
distortion:
0.2883822922418902 -1.579819482938231 0.0027577072194629655 0.008829929831450232 2.954499159347858 
