intrinsic:
1016.8565303497923 0.0 1003.4689568401241 
0.0 870.547709620293 558.7598806097427 
0.0 0.0 1.0 
distortion:
0.8411181423425613 -1.1715287132209518 0.021138217985623802 0.16168773743992776 0.8586300409406112 
